DTC_routes,old_stops,new_stops,difference
0114(NS)DOWN,0,68,-68
0114(NS)UP,68,69,-1
0118EXT(NS)UP,38,39,-1
012(NS)UP,92,93,-1
012UP,0,93,-93
0131(NS)UP,58,59,-1
0205(NS)DOWN,32,32,0
0205(NS)UP,37,37,0
0236(NS)DOWN,58,58,0
0236(NS)UP,55,55,0
0261(NS)DOWN,45,46,-1
0261(NS)UP,49,49,0
0405(NS)DOWN,43,43,0
0405(NS)UP,42,42,0
0419(NS)DOWN,34,34,0
0419(NS)UP,32,32,0
044(NS)UP,45,46,-1
0502(NS)DOWN,37,37,0
0502(NS)UP,36,36,0
0543A(NS)DOWN,0,44,-44
0543A(NS)UP,49,49,0
0604(NS)DOWN,44,46,-2
0604(NS)UP,43,44,-1
072(NS)UP,69,69,0
0729(NS)DOWN,45,45,0
0729(NS)UP,46,46,0
0740(NS)DOWN,75,76,-1
0740(NS)UP,77,79,-2
0740ONLYUPDIRECTIONNIGHTSERVICE,0,40,-40
0753(NS)DOWN,61,125,-64
0753(NS)UP,58,122,-64
0901(NS)DOWN,55,56,-1
0901(NS)UP,59,60,-1
0926(NS)DOWN,57,58,-1
0926(NS)UP,52,53,-1
0929(NS)DOWN,47,47,0
0929(NS)UP,43,43,0
0938DOWN(NS),0,13,-13
0938UP(NS),0,13,-13
0943(NS)DOWN,60,62,-2
0943(NS)UP,60,62,-2
0AIRPORTEXP-4(NS)DOWN,42,43,-1
0AIRPORTEXP-4(NS)UP,42,43,-1
0GL-23(NS)DOWN,24,25,-1
0GL-23(NS)UP,23,23,0
0OMS(+)(NS)UP,72,73,-1
0OMS(-)(NS)DOWN,70,71,-1
0TMS(+)(NS)UP,65,68,-3
0TMS(-)(NS)DOWN,65,67,-2
100ADOWN,47,47,0
100AUP,48,48,0
100EXTDOWN,46,46,0
100EXTUP,46,47,-1
102DOWN,0,16,-16
102UP,0,16,-16
103DOWN,48,49,-1
103STLDOWN,27,27,0
103STLUP,35,35,0
103UP,48,48,0
105DOWN,32,32,0
105UP,32,32,0
106ADOWN,51,57,-6
106AUP,51,53,-2
106DOWN,70,74,-4
106UP,68,70,-2
107DOWN,61,65,-4
107UP,62,65,-3
108DOWN,46,48,-2
108UP,45,46,-1
109DOWN,33,34,-1
109UP,32,32,0
112DOWN,49,49,0
112UP,52,53,-1
113DOWN,57,61,-4
113EXTDOWN,44,47,-3
113EXTUP,46,47,-1
113UP,63,63,0
114ADOWN,52,52,0
114AUP,52,52,0
114BDOWN,51,50,1
114BUP,51,50,1
114DOWN,73,74,-1
114EXTDOWN,48,48,0
114EXTUP,48,48,0
114SPLDOWN,0,11,-11
114SPLUP,0,11,-11
114UP,68,69,-1
115DOWN,19,20,-1
115UP,14,15,-1
116BDOWN,46,48,-2
116BUP,46,48,-2
116DOWN,55,57,-2
116UP,50,55,-5
118EXTDOWN,41,41,0
118EXTUP,38,39,-1
119DOWN,60,58,2
119UP,55,58,-3
120BDOWN,74,75,-1
120BUP,76,78,-2
120DOWN,49,50,-1
120UP,46,48,-2
124DOWN,39,39,0
124UP,37,37,0
125DOWN,48,48,0
125UP,44,45,-1
127DOWN,32,32,0
127UP,27,27,0
128DOWN,30,30,0
128UP,30,30,0
130DOWN,57,62,-5
130UP,56,58,-2
131DOWN,59,60,-1
131UP,66,66,0
133DOWN,70,72,-2
133UP,68,69,-1
135DOWN,55,55,0
135UP,54,55,-1
136DOWN,62,62,0
136UP,65,65,0
138DOWN,39,39,0
138UP,34,34,0
140DOWN,41,41,0
140UP,41,41,0
144DOWN,47,47,0
144UP,42,42,0
146DOWN,47,47,0
146UP,43,43,0
148DOWN,44,45,-1
148UP,40,40,0
149DOWN,45,45,0
149UP,41,41,0
154DOWN,44,44,0
154UP,46,46,0
157DOWN,31,33,-2
157UP,32,34,-2
159DOWN,30,31,-1
159UP,30,30,0
160DOWN,34,36,-2
160UP,34,35,-1
162DOWN,38,38,0
162UP,38,38,0
163DOWN,60,63,-3
163UP,60,60,0
165ADOWN,53,54,-1
165AUP,51,51,0
165DOWN,51,52,-1
165UP,49,52,-3
166DOWN,58,58,0
166UP,55,55,0
169DOWN,62,63,-1
169UP,63,63,0
171DOWN,52,53,-1
171UP,55,55,0
173DOWN,64,65,-1
173UP,63,64,-1
174DOWN,38,39,-1
174STLDOWN,45,44,1
174STLUP,44,44,0
174UP,38,39,-1
175DOWN,53,54,-1
175UP,60,61,-1
178DOWN,60,62,-2
178UP,57,57,0
17DOWN,46,46,0
17UP,42,42,0
181ADOWN,65,67,-2
181AUP,63,64,-1
181DOWN,63,64,-1
181UP,59,61,-2
182ADOWN,55,55,0
182AUP,55,54,1
185DOWN,56,56,0
185UP,57,58,-1
188DOWN,67,82,-15
188UP,67,82,-15
191DOWN,61,63,-2
191UP,61,63,-2
192DOWN,34,34,0
192UP,34,34,0
193DOWN,45,45,0
193UP,45,46,-1
194DOWN,42,43,-1
194UP,36,37,-1
199DOWN,34,34,0
199UP,30,30,0
19ADOWN,37,38,-1
19AUP,37,37,0
19BDOWN,43,44,-1
19BUP,42,42,0
19DOWN,56,56,0
19UP,57,57,0
205DOWN,25,26,-1
205UP,28,28,0
210DOWN,42,42,0
210UP,43,43,0
211ADOWN,34,34,0
211AUP,34,34,0
211BDOWN,31,31,0
211BUP,30,31,-1
211DOWN,39,39,0
211UP,36,37,-1
212DOWN,53,53,0
212UP,55,55,0
213ADOWN,22,22,0
213AUP,26,26,0
213DOWN,40,39,1
213UP,41,40,1
214DOWN,27,28,-1
214UP,30,30,0
218DOWN,35,35,0
218UP,34,34,0
219STLDOWN,50,52,-2
219STLUP,46,47,-1
227ADOWN,18,18,0
227AUP,20,20,0
234ADOWN,56,57,-1
234AUP,58,59,-1
234DOWN,45,46,-1
234UP,47,48,-1
235DOWN,41,45,-4
235UP,43,45,-2
236DOWN,58,58,0
236EXTDOWN,70,71,-1
236EXTUP,68,68,0
236UP,55,55,0
246DOWN,28,29,-1
246UP,31,32,-1
247DOWN,57,58,-1
247UP,56,57,-1
253DOWN,17,17,0
253UP,17,17,0
254DOWN,47,49,-2
254UP,47,48,-1
258DOWN,25,26,-1
258SPLDOWN,28,28,0
258SPLUP,27,28,-1
258UP,25,27,-2
259DOWN,38,38,0
259UP,38,38,0
261DOWN,45,46,-1
261UP,49,49,0
26DOWN,42,42,0
26UP,42,42,0
271DOWN,39,39,0
271UP,40,40,0
273DOWN,31,32,-1
273UP,31,31,0
274DOWN,46,47,-1
274UP,45,47,-2
306DOWN,24,24,0
306UP,24,24,0
307ADOWN,28,29,-1
307AUP,31,31,0
307DOWN,22,24,-2
307UP,24,25,-1
309DOWN,34,34,0
309UP,33,35,-2
310DOWN,45,45,0
310UP,46,47,-1
313DOWN,54,54,0
313UP,54,55,-1
319ADOWN,54,54,0
319AUP,51,52,-1
319DOWN,50,53,-3
319UP,47,50,-3
323DOWN,49,50,-1
323UP,45,45,0
333DOWN,56,56,0
333UP,60,60,0
335DOWN,53,53,0
335UP,51,52,-1
336DOWN,58,79,-21
336UP,56,80,-24
33ADOWN,71,72,-1
33AUP,71,71,0
33CDOWN,31,31,0
33CUP,31,31,0
33DOWN,60,62,-2
33EXTRADOWN,0,81,-81
33EXTRAUP,0,76,-76
33UP,58,60,-2
340DOWN,44,44,0
340UP,42,42,0
341DOWN,65,66,-1
341UP,63,64,-1
347ADOWN,54,54,0
347AUP,53,53,0
347DOWN,46,46,0
347UP,44,45,-1
348DOWN,41,41,0
348UP,38,38,0
349ADOWN,22,22,0
349AUP,21,21,0
349DOWN,27,27,0
349UP,24,24,0
34ADOWN,68,68,0
34AUP,67,67,0
34DOWN,62,62,0
34UP,63,63,0
355DOWN,52,52,0
355UP,52,53,-1
374DOWN,51,52,-1
374UP,53,55,-2
375DOWN,53,53,0
375UP,52,52,0
378DOWN,42,42,0
378UP,39,39,0
390DOWN,35,35,0
390UP,34,34,0
391DOWN,23,23,0
391UP,25,25,0
392BDOWN,58,58,0
392BUP,57,57,0
392DOWN,53,53,0
392UP,53,53,0
398DOWN,47,47,0
398UP,46,46,0
39ADOWN,57,57,0
39AUP,53,54,-1
39DOWN,49,50,-1
39UP,48,49,-1
400DOWN,42,42,0
400UP,42,42,0
402DOWN,40,40,0
402UP,37,39,-2
403DOWN,36,36,0
403UP,33,35,-2
405ADOWN,39,39,0
405AUP,37,38,-1
405DOWN,43,46,-3
405UP,41,42,-1
408DOWN,46,46,0
408UP,53,54,-1
409DOWN,0,40,-40
409STLDOWN,0,5,-5
409STLUP,0,5,-5
409UP,0,39,-39
410DOWN,51,51,0
410UP,53,53,0
411DOWN,49,49,0
411UP,48,49,-1
413DOWN,26,29,-3
413UP,26,29,-3
419DOWN,32,33,-1
419EXTDOWN,0,35,-35
419EXTUP,0,35,-35
419UP,31,32,-1
423ADOWN,0,43,-43
423AUP,0,43,-43
423DOWN,34,35,-1
423UP,34,35,-1
425DOWN,36,37,-1
425UP,35,36,-1
427ADOWN,33,33,0
427AUP,32,32,0
427DOWN,33,42,-9
427UP,32,41,-9
429DOWN,37,39,-2
429UP,37,38,-1
433ADOWN,30,30,0
433AUP,30,31,-1
433DOWN,46,46,0
433UP,44,44,0
440ADOWN,48,48,0
440AUP,50,50,0
440DOWN,43,43,0
440EXPDOWN,0,43,-43
440EXPUP,0,45,-45
440UP,45,45,0
442AUP,0,19,-19
442CUP,0,19,-19
442DOWN,43,44,-1
442UP,42,43,-1
443ADOWN,59,59,0
443AUP,57,57,0
443DOWN,66,66,0
443UP,63,65,-2
445DOWN,38,39,-1
445UP,37,38,-1
447DOWN,47,47,0
447UP,45,47,-2
448BDOWN,41,42,-1
448BUP,41,42,-1
448DOWN,51,52,-1
448UP,51,52,-1
450DOWN,35,36,-1
450UP,37,37,0
451ADOWN,0,43,-43
451AUP,0,43,-43
460DOWN,42,42,0
460UP,42,42,0
463DOWN,38,39,-1
463UP,38,39,-1
465ADOWN,0,37,-37
465AUP,0,39,-39
469DOWN,47,48,-1
469UP,48,49,-1
473ADOWN,63,63,0
473AUP,58,58,0
473DOWN,55,55,0
473UP,51,51,0
479ADOWN,0,50,-50
479AUP,0,50,-50
479DOWN,46,46,0
479UP,46,50,-4
47ADOWN,57,58,-1
47AUP,63,63,0
490DOWN,48,48,0
490UP,51,51,0
492DOWN,48,48,0
492UP,48,48,0
493DOWN,66,67,-1
493UP,66,66,0
500DOWN,41,41,0
500UP,40,40,0
501DOWN,48,45,3
501UP,48,46,2
502(NS)DOWN,0,37,-37
502(NS)UP,0,36,-36
502DOWN,37,37,0
502UP,36,36,0
503DOWN,36,36,0
503UP,36,36,0
505DOWN,29,29,0
505UP,30,30,0
506DOWN,37,37,0
506STLDOWN,21,21,0
506STLUP,21,21,0
506UP,38,38,0
507DOWN,45,48,-3
507UP,43,45,-2
508DOWN,0,59,-59
508UP,0,56,-56
511ADOWN,44,45,-1
511AUP,45,45,0
511DOWN,52,53,-1
511UP,52,52,0
512ADOWN,0,28,-28
512AUP,0,29,-29
512DOWN,44,45,-1
512UP,45,46,-1
516DOWN,35,35,0
516UP,37,41,-4
517DOWN,28,28,0
517UP,29,29,0
519DOWN,26,26,0
519UP,27,27,0
520DOWN,27,27,0
520UP,26,26,0
521DOWN,37,38,-1
521UP,49,49,0
522ADOWN,67,68,-1
522AUP,68,68,0
522DOWN,52,52,0
522EXTDOWN,0,37,-37
522EXTUP,0,37,-37
522SPLDOWN,38,38,0
522SPLUP,40,40,0
522UP,50,50,0
523DOWN,48,48,0
523UP,46,47,-1
525DOWN,37,38,-1
525STLDOWN,27,27,0
525STLUP,27,27,0
525UP,37,38,-1
534ADOWN,79,80,-1
534AUP,78,80,-2
534CDOWN,39,39,0
534CUP,39,39,0
534DOWN,56,56,0
534UP,57,58,-1
536DOWN,32,32,0
536UP,32,32,0
539ADOWN,57,58,-1
539AUP,61,61,0
539DOWN,58,60,-2
539KDOWN,27,28,-1
539KUP,27,27,0
539UP,70,74,-4
540DOWN,36,36,0
540UP,38,39,-1
542DOWN,41,41,0
542UP,42,42,0
543ADOWN,44,44,0
543AUP,49,49,0
543DOWN,27,27,0
543UP,28,28,0
544DOWN,48,49,-1
544UP,49,49,0
548DOWN,48,48,0
548UP,48,48,0
567ADOWN,59,60,-1
567AUP,56,56,0
567DOWN,55,56,-1
567UP,54,54,0
568ADOWN,50,50,0
568AUP,50,50,0
568DOWN,41,41,0
568UP,43,43,0
569DOWN,44,44,0
569EXTDOWN,53,53,0
569EXTUP,54,54,0
569UP,46,46,0
578ADOWN,27,27,0
578AUP,28,28,0
578DOWN,54,54,0
578UP,54,54,0
580DOWN,35,36,-1
580UP,39,39,0
588DOWN,39,39,0
588UP,39,39,0
604DOWN,45,46,-1
604UP,43,44,-1
605DOWN,55,55,0
605UP,53,54,-1
610ADOWN,46,46,0
610AUP,47,47,0
610DOWN,57,57,0
610UP,58,60,-2
611ADOWN,49,49,0
611AUP,50,50,0
611CDOWN,26,26,0
611CUP,27,27,0
611DOWN,51,52,-1
611UP,55,55,0
615DOWN,35,35,0
615UP,38,38,0
620DOWN,33,33,0
620UP,33,33,0
621DOWN,51,51,0
621UP,50,50,0
623ADOWN,63,65,-2
623AUP,60,63,-3
623BDOWN,62,64,-2
623BUP,62,65,-3
623DOWN,57,59,-2
623UP,57,60,-3
624ADOWN,51,52,-1
624AUP,49,49,0
629DOWN,0,53,-53
629UP,0,55,-55
631DOWN,41,35,6
631UP,43,34,9
680DOWN,51,51,0
680EXTDOWN,0,52,-52
680EXTUP,0,57,-57
680UP,56,56,0
701DOWN,73,75,-2
701UP,80,81,-1
708(NS)DOWN,0,66,-66
708(NS)UP,0,62,-62
708DOWN,63,64,-1
708UP,68,72,-4
711ADOWN,50,50,0
711AUP,49,50,-1
711DOWN,42,43,-1
711UP,45,45,0
715DOWN,35,35,0
715UP,34,35,-1
716DOWN,0,31,-31
716UP,0,31,-31
717ADOWN,47,48,-1
717AUP,50,50,0
717BDOWN,45,46,-1
717BUP,46,46,0
717DOWN,56,57,-1
717UP,58,59,-1
718DOWN,31,33,-2
718UP,33,35,-2
720DOWN,62,63,-1
720UP,60,63,-3
721DOWN,56,56,0
721UP,57,57,0
722DOWN,52,52,0
722UP,54,54,0
724ADOWN,56,57,-1
724AUP,56,56,0
724CDOWN,52,54,-2
724CUP,53,53,0
724DOWN,43,44,-1
724EXTDOWN,47,47,0
724EXTUP,46,46,0
724UP,43,43,0
725DOWN,52,87,-35
725UP,50,87,-37
727DOWN,46,47,-1
727UP,46,46,0
728DOWN,55,56,-1
728UP,53,53,0
729DOWN,45,45,0
729UP,46,46,0
73DOWN,55,55,0
73UP,55,56,-1
740ADOWN,68,68,0
740AUP,66,68,-2
740BDOWN,63,63,0
740BUP,62,63,-1
740DOWN,69,69,0
740EXTDOWN,62,62,0
740EXTUP,64,65,-1
740UP,68,69,-1
741ADOWN,53,52,1
741ASPLDOWN,0,53,-53
741AUP,52,52,0
741DOWN,59,59,0
741UP,60,60,0
745DOWN,46,46,0
745UP,44,44,0
753DOWN,61,61,0
753UP,56,58,-2
760DOWN,0,21,-21
760UP,0,21,-21
761DOWN,54,54,0
761UP,54,54,0
764DOWN,53,53,0
764EXTDOWN,35,35,0
764EXTUP,39,39,0
764UP,55,56,-1
770ADOWN,52,50,2
770AUP,49,47,2
770BDOWN,42,42,0
770BUP,39,40,-1
773DOWN,37,38,-1
773UP,39,39,0
778DOWN,38,39,-1
778UP,39,40,-1
781DOWN,46,47,-1
781UP,45,45,0
78DOWN,29,30,-1
78UP,28,29,-1
790DOWN,63,63,0
790UP,64,64,0
794ADOWN,51,51,0
794AUP,50,50,0
794DOWN,51,51,0
794UP,49,49,0
801DOWN,64,65,-1
801UP,64,67,-3
803DOWN,48,48,0
803UP,44,45,-1
804ADOWN,47,48,-1
804AUP,49,50,-1
808DOWN,38,38,0
808UP,38,38,0
809DOWN,33,33,0
809UP,33,33,0
810DOWN,33,33,0
810UP,32,32,0
813DOWN,67,67,0
813UP,66,67,-1
816DOWN,48,48,0
816UP,42,43,-1
817DOWN,56,57,-1
817NDOWN,63,63,0
817NUP,67,67,0
817UP,55,56,-1
818DOWN,42,43,-1
818UP,37,38,-1
819DOWN,41,43,-2
819UP,36,38,-2
821DOWN,40,40,0
821UP,39,39,0
825ADOWN,44,45,-1
825AUP,47,48,-1
826DOWN,39,39,0
826UP,37,37,0
827DOWN,48,48,0
827UP,48,48,0
828ADOWN,22,21,1
828AUP,27,26,1
829DOWN,44,45,-1
829UP,39,40,-1
832DOWN,41,43,-2
832UP,40,43,-3
834DOWN,0,20,-20
834UP,0,20,-20
835DOWN,45,45,0
835UP,45,45,0
838DOWN,57,57,0
838UP,53,54,-1
842DOWN,39,40,-1
842UP,36,36,0
844DOWN,21,23,-2
844UP,27,27,0
845DOWN,42,44,-2
845UP,39,40,-1
848DOWN,43,43,0
848UP,40,41,-1
853DOWN,62,62,0
853UP,58,59,-1
857DOWN,56,57,-1
857UP,52,53,-1
85DOWN,49,49,0
85EXTDOWN,58,61,-3
85EXTUP,60,62,-2
85UP,51,52,-1
861ADOWN,35,36,-1
861AUP,35,36,-1
863DOWN,58,59,-1
863UP,57,58,-1
876DOWN,43,30,13
876UP,43,30,13
878DOWN,44,45,-1
878UP,42,42,0
879ADOWN,50,44,6
879AUP,51,48,3
879BDOWN,51,52,-1
879BUP,53,53,0
879DOWN,52,53,-1
879UP,54,54,0
882ADOWN,59,59,0
882AUP,64,65,-1
882DOWN,54,55,-1
882UP,53,53,0
883DOWN,58,59,-1
883UP,58,59,-1
887DOWN,40,40,0
887UP,38,38,0
889DOWN,48,48,0
889UP,48,48,0
88DOWN,25,25,0
88UP,25,25,0
891DOWN,40,40,0
891UP,40,40,0
894DOWN,40,42,-2
894UP,40,40,0
8ADOWN,36,36,0
8AUP,37,37,0
8DOWN,36,37,-1
8UP,35,36,-1
901DOWN,47,47,0
901UP,50,51,-1
908DOWN,31,31,0
908UP,31,31,0
910ADOWN,44,44,0
910AUP,45,45,0
910DOWN,37,37,0
910UP,38,38,0
912DOWN,58,59,-1
912UP,58,59,-1
915DOWN,47,38,9
915UP,43,38,5
917DOWN,35,36,-1
917UP,34,34,0
918DOWN,47,49,-2
918UP,47,47,0
921DOWN,54,54,0
921EXTDOWN,54,45,9
921EXTUP,53,45,8
921UP,55,56,-1
923DOWN,61,61,0
923UP,60,61,-1
924DOWN,66,61,5
924UP,62,61,1
926DOWN,56,57,-1
926UP,52,52,0
928DOWN,37,38,-1
928UP,37,38,-1
929DOWN,47,52,-5
929UP,42,47,-5
92DOWN,0,15,-15
92UP,0,15,-15
934DOWN,34,36,-2
934UP,32,33,-1
935DOWN,48,49,-1
935UP,48,49,-1
937ADOWN,44,44,0
937AUP,39,39,0
938ADOWN,42,45,-3
938AUP,44,45,-1
938BDOWN,22,22,0
938BUP,22,22,0
938DOWN,0,13,-13
938UP,0,13,-13
939DOWN,56,56,0
939UP,53,53,0
940ADOWN,29,29,0
940AUP,28,28,0
940DOWN,39,39,0
940UP,39,39,0
941DOWN,45,43,2
941UP,45,43,2
943DOWN,56,57,-1
943UP,62,62,0
944DOWN,36,37,-1
944UP,36,36,0
947ADOWN,96,97,-1
947AUP,94,97,-3
947DOWN,67,68,-1
947UP,66,67,-1
948DOWN,32,32,0
948UP,25,26,-1
949ADOWN,69,70,-1
949AUP,72,72,0
949DOWN,60,63,-3
949EXTDOWN,64,66,-2
949EXTUP,68,68,0
949UP,61,62,-1
951DOWN,33,33,0
951UP,35,35,0
954DOWN,43,44,-1
954UP,43,44,-1
957ADOWN,34,44,-10
957AUP,33,44,-11
957DOWN,54,101,-47
957SPLUP,0,46,-46
957UP,53,53,0
962ADOWN,58,58,0
962AUP,59,59,0
962DOWN,52,50,2
962SPLDOWN,0,59,-59
962SPLUP,0,61,-61
962UP,50,50,0
966BDOWN,56,57,-1
966BUP,57,57,0
966DOWN,57,57,0
966EXTDOWN,54,54,0
966EXTUP,54,54,0
966UP,57,57,0
970ADOWN,55,55,0
970AUP,53,53,0
970BDOWN,44,44,0
970BUP,42,42,0
970CDOWN,47,47,0
970CUP,45,45,0
970DOWN,53,53,0
970UP,51,51,0
971ADOWN,49,49,0
971AUP,46,47,-1
971BUP,0,67,-67
971DOWN,68,137,-69
971UP,65,66,-1
972ADOWN,48,49,-1
972AUP,49,49,0
972BDOWN,50,52,-2
972BUP,50,52,-2
972DOWN,51,53,-2
972UP,52,53,-1
975DOWN,39,38,1
975UP,37,37,0
978DOWN,45,45,0
978UP,50,50,0
979(NS)DOWN,0,36,-36
979(NS)UP,0,40,-40
979DOWN,39,27,12
979UP,36,29,7
980DOWN,51,51,0
980UP,49,49,0
982DOWN,61,61,0
982UP,60,61,-1
984ADOWN,46,46,0
984AUP,46,46,0
988DOWN,86,83,3
988UP,90,83,7
990ADOWN,43,89,-46
990ASPLUP,0,42,-42
990AUP,40,41,-1
990BDOWN,72,72,0
990BUP,72,72,0
990DOWN,42,43,-1
990EXTDOWN,47,48,-1
990EXTUP,44,45,-1
990UP,39,40,-1
991DOWN,0,51,-51
991STLDOWN,0,10,-10
991STLUP,0,10,-10
991UP,0,50,-50
AIRPORTEXP-4DOWN,0,43,-43
AIRPORTEXP-4UP,0,43,-43
AIRPORTSHUTTLESERVICEDOWN,7,7,0
AIRPORTSHUTTLESERVICEUP,7,7,0
ANANDVIHARISBTTOGURGAONUP,0,54,-54
BADARPURBORDERTOGURGAONUP,0,45,-45
BAHADURGARHTOKARAMPURATERMINALDOWN,0,39,-39
BAHADURGARHTONARELA(NS)DOWN,0,39,-39
BAHADURGARHTONARELATERMINALDOWN,0,34,-34
BAHADURGARHTONDELHIRLYSTATUP,0,59,-59
BAHADURGARHTONDRLYSTGNO-2DOWN,0,54,-54
BCS(+)UP,0,29,-29
BCS(-)DOWN,0,29,-29
BPGDOWN,0,51,-51
BPGUP,0,51,-51
BYPASS(NS)DOWN,0,64,-64
BYPASS(NS)UP,0,64,-64
DOWNDIRECTIONOFNOOMS(+),0,176,-176
DOWNDIRECTIONOFNOOMS(-),0,176,-176
DS-10DOWN,0,2,-2
DS-10UP,0,2,-2
DS-11DOWN,0,2,-2
DS-11UP,0,2,-2
DS-12DOWN,0,2,-2
DS-12UP,0,2,-2
DS-13DOWN,0,2,-2
DS-13UP,0,2,-2
DS-14DOWN,0,2,-2
DS-14UP,0,2,-2
DS-15DOWN,0,2,-2
DS-15UP,0,2,-2
DS-16DOWN,0,2,-2
DS-16UP,0,2,-2
DS-17DOWN,0,2,-2
DS-17UP,0,2,-2
DS-18DOWN,0,2,-2
DS-18UP,0,2,-2
DS-19DOWN,0,2,-2
DS-19UP,0,2,-2
DS-1DOWN,0,2,-2
DS-1UP,0,2,-2
DS-20DOWN,0,2,-2
DS-20UP,0,2,-2
DS-21DOWN,0,2,-2
DS-21UP,0,2,-2
DS-22DOWN,0,2,-2
DS-22UP,0,2,-2
DS-23DOWN,0,2,-2
DS-23UP,0,2,-2
DS-24DOWN,0,2,-2
DS-24UP,0,2,-2
DS-25DOWN,0,2,-2
DS-25UP,0,2,-2
DS-26DOWN,0,2,-2
DS-26UP,0,2,-2
DS-27DOWN,0,2,-2
DS-27UP,0,2,-2
DS-28DOWN,0,2,-2
DS-28UP,0,2,-2
DS-29DOWN,0,2,-2
DS-29UP,0,2,-2
DS-2DOWN,0,2,-2
DS-2UP,0,2,-2
DS-30DOWN,0,2,-2
DS-30UP,0,2,-2
DS-31DOWN,0,2,-2
DS-31UP,0,2,-2
DS-32DOWN,0,2,-2
DS-32UP,0,2,-2
DS-33DOWN,0,2,-2
DS-33UP,0,2,-2
DS-34DOWN,0,2,-2
DS-34UP,0,2,-2
DS-35DOWN,0,2,-2
DS-35UP,0,2,-2
DS-36DOWN,0,2,-2
DS-36UP,0,2,-2
DS-37DOWN,0,2,-2
DS-37UP,0,2,-2
DS-38DOWN,0,2,-2
DS-38UP,0,2,-2
DS-39DOWN,0,2,-2
DS-39UP,0,2,-2
DS-3DOWN,0,2,-2
DS-3UP,0,2,-2
DS-40DOWN,0,2,-2
DS-40UP,0,2,-2
DS-4DOWN,0,2,-2
DS-4UP,0,2,-2
DS-5DOWN,0,2,-2
DS-5UP,0,2,-2
DS-6DOWN,0,2,-2
DS-6UP,0,2,-2
DS-7DOWN,0,2,-2
DS-7UP,0,2,-2
DS-8DOWN,0,2,-2
DS-8UP,0,2,-2
DS-9DOWN,0,2,-2
DS-9UP,0,2,-2
EXPRESS-344DOWN,42,42,0
EXPRESS-344UP,38,38,0
EXPRESS-442AUP,0,53,-53
EXPRESS-442CUP,0,49,-49
EXPRESS-611BDOWN,0,37,-37
EXPRESS-611BUP,0,41,-41
EXPRESS-727ADOWN,44,45,-1
EXPRESS-727AUP,40,40,0
EXPRESS-764ADOWN,0,36,-36
EXPRESS-764AUP,0,40,-40
EXPRESS-764BDOWN,0,39,-39
EXPRESS-764BUP,0,43,-43
EXPRESS-85AUP,47,48,-1
EXPRESS-91DOWN,50,52,-2
EXPRESS-91UP,52,52,0
EXPRESS-970UP,52,52,0
GGNDOWN,0,40,-40
GGNUP,0,40,-40
GL-23DOWN,24,25,-1
GL-23UP,22,23,-1
GL-91DOWN,45,46,-1
GL-91UP,45,46,-1
GL23DOWN,0,82,-82
GL23UP,0,23,-23
GMS(+)UP,0,77,-77
GURGAONTOANANDVIHARISBTDOWN,0,52,-52
GURGAONTOBADARPURBORDERDOWN,0,45,-45
GURGAONTOKAROLBAGHDOWN,0,25,-25
GURGAONTOUTTAMNAGAR(T)DOWN,0,40,-40
KARAMPURATERMINALTOBAHADURGARHUP,0,39,-39
KAROLBAGHTOGURGAONUP,0,25,-25
MS(+)UP,0,73,-73
MS(-)DOWN,0,73,-73
NARELATERMINALTOBAHADURGARHUP,0,40,-40
NARELATOBAHADURGARH(NS)UP,0,38,-38
NCR(NS)DOWN,0,94,-94
NCR(NS)UP,0,93,-93
NDRLYSTGNO-2TOBAHADURGARHUP,0,54,-54
OMS(+)UP,174,208,-34
OMS(-)DOWN,173,209,-36
RL-75DOWN,51,51,0
RL-75UP,51,51,0
RL-77ADOWN,52,53,-1
RL-77AUP,51,51,0
RL-77BDOWN,49,50,-1
RL-77BUP,46,47,-1
RL-77DOWN,43,43,0
RL-77EXTDOWN,52,52,0
RL-77EXTUP,50,50,0
RL-77UP,41,41,0
RL79DOWN,0,54,-54
RL79UP,0,54,-54
TMS(+)DOWN,0,68,-68
TMS(+)UP,65,68,-3
TMS(-)DOWN,65,71,-6
UTTAMNAGAR(T)TOGURGAONUP,0,40,-40
WESTDELHIMUDRIKA(+)UP,67,68,-1
YMS-M(NS)DOWN,0,44,-44
YMS-P(NS)UP,0,44,-44
